lastAccountName: FriezaGm_YTB
timestamps:
  login: 1643019466904
  logout: 1643019493692
ipAddress: 10.9.0.1
logoutlocation:
  world: world
  x: 0.4914040148334345
  y: 92.0
  z: -5.403339947661143
  yaw: 179.82364
  pitch: 1.2914759
