lastAccountName: PuppyCute_YTB
timestamps:
  login: 1642772493858
  logout: 1642772476220
ipAddress: 192.168.102.7
logoutlocation:
  world: world
  x: 0.4914040148334345
  y: 92.0
  z: -5.403339947661143
  yaw: 179.82364
  pitch: 1.2914759
