lastAccountName: vvippro
timestamps:
  login: 1643169086539
  logout: 1643169171027
ipAddress: 0:0:0:0:0:0:0:1
logoutlocation:
  world: world
  x: 0.4914040148334345
  y: 92.0
  z: -5.403339947661143
  yaw: 179.82364
  pitch: 1.2914759
