world: bedwars
x: 77.0599005008053
y: 66.0
z: 32.8998906796417
yaw: 227.24426
pitch: 9.560573
name: lotus
